Accuracy: 0.8969746524938675
Precision: 0.9030759607038245
Recall: 0.8963717219518049
F1: 0.8960807864680387
