Accuracy: 0.7297872340425532
Precision: 0.769284419576255
Recall: 0.7297872340425533
F1: 0.7277947356546858
