Accuracy: 0.7026595744680851
Precision: 0.7117035329821693
Recall: 0.702659574468085
F1: 0.6987302425851573
