Accuracy: 0.11448559670781892
Precision: 0.1593634591151738
Recall: 0.11584671811891638
F1: 0.05673779480330354
