Accuracy: 0.7618455415993036
Precision: 0.80822209667247
Recall: 0.7589606863543072
F1: 0.7464927993547503
