Accuracy: 0.7781914893617021
Precision: 0.7881717027959156
Recall: 0.7781914893617022
F1: 0.7756168800984906
