Accuracy: 0.6702127659574468
Precision: 0.71025857528866
Recall: 0.6702127659574468
F1: 0.6644322859035814
