Accuracy: 0.07242798353909465
Precision: 0.04295245420895669
Recall: 0.07303625285129463
F1: 0.02901902493137303
