Accuracy: 0.9743047650024395
Precision: 0.9670691409097182
Recall: 0.9792494554930081
F1: 0.9719029200838174
