Accuracy: 0.37906666666666666
Precision: 0.3634061818288054
Recall: 0.37774447571350633
F1: 0.34842492093975974
