Accuracy: 0.20823045267489712
Precision: 0.23775372096408245
Recall: 0.20741422445355304
F1: 0.14873065671655256
