Accuracy: 0.8933333333333333
Precision: 0.9099061013874495
Recall: 0.8910621355411449
F1: 0.894405690563711
