Accuracy: 0.11063306699446834
Precision: 0.033045305130193194
Recall: 0.10193261509362936
F1: 0.03595585084933716
