Accuracy: 0.06699446834665028
Precision: 0.006700476410019978
Recall: 0.1
F1: 0.012559412357770416
