Accuracy: 0.06150122925629994
Precision: 0.036561046002437474
Recall: 0.09973944675405025
F1: 0.013876278113019152
