Accuracy: 0.9068518518518518
Precision: 0.9070740286377857
Recall: 0.9017127620339245
F1: 0.9035084147795116
