Accuracy: 0.6744908526061443
Precision: 0.7253664045501654
Recall: 0.6778621541746493
F1: 0.6671949289556929
