Accuracy: 0.006093769431662729
Precision: 0.003353337994170191
Recall: 0.0060872740520834185
F1: 0.0026558407092354946
