Accuracy: 0.4478
Precision: 0.35445389770148866
Recall: 0.46413156137880707
F1: 0.33266269641927937
