Accuracy: 0.7116736990154712
Precision: 0.7919406927963883
Recall: 0.6825483893359975
F1: 0.7154835665768303
