Accuracy: 0.9125060985526102
Precision: 0.90610381144406
Recall: 0.9199400638365234
F1: 0.9048102894420836
