Accuracy: 0.622
Precision: 0.6241343518383367
Recall: 0.6224718381976446
F1: 0.6208945284449454
