Accuracy: 0.34264350120958875
Precision: 0.4307667118508524
Recall: 0.3445642888167109
F1: 0.320290585452573
