Accuracy: 0.6747
Precision: 0.7627974224400469
Recall: 0.6747
F1: 0.6655907574560643
