Accuracy: 0.6638537271448663
Precision: 0.7141568709885766
Recall: 0.6258067062879435
F1: 0.6442004202222456
