Accuracy: 0.78094482421875
Precision: 0.7809471181486011
Recall: 0.7809454100814651
F1: 0.7809445883817451
