Accuracy: 0.9257407407407408
Precision: 0.9331361743621868
Recall: 0.9192796075386788
F1: 0.9227500881454894
