Accuracy: 0.8640740740740741
Precision: 0.8927352380020599
Recall: 0.8557434726856838
F1: 0.8585066049912313
