Accuracy: 0.8055854333128457
Precision: 0.7891614080068498
Recall: 0.7767917896060037
F1: 0.778001277472729
