Accuracy: 0.07769547325102881
Precision: 0.08261777171938674
Recall: 0.07874696214516957
F1: 0.029765111928207005
