Accuracy: 0.43129520052596976
Precision: 0.19337467949272527
Recall: 0.4655694863083569
F1: 0.24803811854153593
