Accuracy: 0.4797888717835936
Precision: 0.46794547486508953
Recall: 0.45439135987037904
F1: 0.45576408697507015
