Accuracy: 0.5094712643678161
Precision: 0.40170149269192923
Recall: 0.3495047627087591
F1: 0.32125554290660613
