Accuracy: 0.8683431952662722
Precision: 0.7555985673306647
Recall: 0.8830025493334096
F1: 0.7837756587854493
