Accuracy: 0.8329245025892614
Precision: 0.8464561097035223
Recall: 0.8328566013315563
F1: 0.8288721279126542
