Accuracy: 0.7095744680851064
Precision: 0.7175842644289308
Recall: 0.7095744680851063
F1: 0.7022687503282399
