Accuracy: 0.73297119140625
Precision: 0.8082667889593924
Recall: 0.7328655828178434
F1: 0.7155470118068745
