Accuracy: 0.957228817693934
Precision: 0.9470924794331939
Recall: 0.9615855286740355
F1: 0.9527488962509161
