Accuracy: 0.9656854773133843
Precision: 0.9580987334830563
Recall: 0.972597642621017
F1: 0.9638720999405878
