Accuracy: 0.8275805391190006
Precision: 0.7755108803970907
Recall: 0.8330393663810326
F1: 0.7583021481490424
