Accuracy: 0.9483333333333334
Precision: 0.9528557827542954
Recall: 0.9456674727546895
F1: 0.9479226876580589
