Accuracy: 0.45666666666666667
Precision: 0.4458503656451709
Recall: 0.47486536401380414
F1: 0.4104605237644487
