Accuracy: 0.24781893004115227
Precision: 0.2689599002187502
Recall: 0.2476428841647886
F1: 0.21925808816821638
