Accuracy: 0.807647705078125
Precision: 0.8077023002155708
Recall: 0.8076448406077816
F1: 0.8076381454049395
