Accuracy: 0.4806666666666667
Precision: 0.47441961908776836
Recall: 0.4793545177850884
F1: 0.45090643392095986
