Accuracy: 0.001885057471264368
Precision: 0.00030307397775362286
Recall: 0.002207157919120837
F1: 0.000258216179606062
