Accuracy: 0.8231426692965155
Precision: 0.765457685016894
Recall: 0.853992186194618
F1: 0.7635312737573245
