Accuracy: 0.9430801756383151
Precision: 0.9333102447040493
Recall: 0.9517598498494441
F1: 0.9398391481213848
