Accuracy: 0.6014666666666667
Precision: 0.6338010033176686
Recall: 0.5965465734268012
F1: 0.5285989042947457
