Accuracy: 0.8740801308258381
Precision: 0.8774150537968153
Recall: 0.8734516934178531
F1: 0.8728846453306547
