Accuracy: 0.3277325709258852
Precision: 0.5544107096448468
Recall: 0.2957074783713189
F1: 0.24788645724739264
