Accuracy: 0.754180908203125
Precision: 0.8008364912346813
Recall: 0.7540967518491329
F1: 0.7442246565557571
