Accuracy: 0.17167816091954022
Precision: 0.1402264979226371
Recall: 0.072430630400588
F1: 0.059485471533251254
