Accuracy: 0.39656916648339563
Precision: 0.42678680378940487
Recall: 0.3773875767150323
F1: 0.3439296188532806
