Accuracy: 0.1107098955132145
Precision: 0.01107098955132145
Recall: 0.1
F1: 0.019934979594660028
