Accuracy: 0.9403703703703704
Precision: 0.9393454520566223
Recall: 0.9384829752898666
F1: 0.937976538124326
