Accuracy: 0.6182
Precision: 0.7189607574196486
Recall: 0.6182
F1: 0.6142046172548872
