Accuracy: 0.89
Precision: 0.9041207436643062
Recall: 0.8860152478963219
F1: 0.8872839126427536
