Accuracy: 0.922962962962963
Precision: 0.9293876465016012
Recall: 0.9204341884048644
F1: 0.9227123458923664
