Accuracy: 0.9000657462195923
Precision: 0.8171821104288615
Recall: 0.932396958111369
F1: 0.8407968520892322
