Accuracy: 0.8701851851851852
Precision: 0.8885225224809407
Recall: 0.8670012812139005
F1: 0.8671287663311448
