Accuracy: 0.8937037037037037
Precision: 0.9094581356773377
Recall: 0.8878525972613438
F1: 0.8902580027698461
