Accuracy: 0.43369254453485817
Precision: 0.39278960964184684
Recall: 0.4039307324818566
F1: 0.3802457854650394
