Accuracy: 0.8036313891307051
Precision: 0.8346286602529104
Recall: 0.80401213893474
F1: 0.7951723280952435
