Accuracy: 0.7524613220815752
Precision: 0.7913935533849348
Recall: 0.7473036020508154
F1: 0.7537125705623234
