Accuracy: 0.6076
Precision: 0.6367738585947581
Recall: 0.6031627859467689
F1: 0.534082197429607
