Accuracy: 0.78363037109375
Precision: 0.8018454902814633
Recall: 0.7836828246729761
F1: 0.7803374755901238
