Accuracy: 0.5803
Precision: 0.719493012482631
Recall: 0.5803
F1: 0.5822775434248618
