Accuracy: 0.2051028806584362
Precision: 0.2846082310829084
Recall: 0.20463183690963102
F1: 0.17019468093104206
