Accuracy: 0.0034482758620689655
Precision: 0.000876925786723671
Recall: 0.0020460199207296328
F1: 0.0007378494359771592
