Accuracy: 0.17012345679012345
Precision: 0.0774827728460972
Recall: 0.1691882763507422
F1: 0.06474758866781122
