Accuracy: 0.3220585001099626
Precision: 0.42037838438701164
Recall: 0.2812734967052916
F1: 0.22316882279746705
