Accuracy: 0.8834648257725181
Precision: 0.8202372783451161
Recall: 0.873441063411956
F1: 0.8101106095126047
