Accuracy: 0.3645333333333333
Precision: 0.31190061147358145
Recall: 0.39137013492039724
F1: 0.2716870860471034
