Accuracy: 0.703
Precision: 0.7701289910418762
Recall: 0.7030000000000001
F1: 0.6949388129550669
