Accuracy: 0.7340425531914894
Precision: 0.7671888813309639
Recall: 0.7340425531914894
F1: 0.7366644267787194
