Accuracy: 0.9344608879492601
Precision: 0.920776217116218
Recall: 0.9431266422613704
F1: 0.9289513704551491
