Accuracy: 0.8374580276085064
Precision: 0.8693876304404194
Recall: 0.8384790679363836
F1: 0.8327323864174837
