Accuracy: 0.35686666666666667
Precision: 0.36311923240406935
Recall: 0.3456453327619657
F1: 0.27181271946055086
