Accuracy: 0.9040105193951348
Precision: 0.8275724164213151
Recall: 0.9427417532581631
F1: 0.8586418521248715
