Accuracy: 0.5851259987707437
Precision: 0.6319272070779453
Recall: 0.5719613901497245
F1: 0.5617900715686452
