Accuracy: 0.8299016594960049
Precision: 0.8154871161465099
Recall: 0.8195466710975191
F1: 0.8119521389849844
