Accuracy: 0.7468085106382979
Precision: 0.7538284948893222
Recall: 0.7468085106382979
F1: 0.7441297459857441
