Accuracy: 0.28748625467341105
Precision: 0.3901297780627961
Recall: 0.25761858207306804
F1: 0.20782651198815424
