Accuracy: 0.4246
Precision: 0.4576797149403222
Recall: 0.4113067184881514
F1: 0.2944212919659151
