Accuracy: 0.7723404255319148
Precision: 0.7780670688107654
Recall: 0.7723404255319152
F1: 0.769989507172894
