Accuracy: 0.9062962962962963
Precision: 0.9037770485029473
Recall: 0.901198464212284
F1: 0.9017065303158921
