Accuracy: 0.2359670781893004
Precision: 0.32533866045241094
Recall: 0.23507321759481195
F1: 0.17806543073146644
