Accuracy: 0.8257725180802103
Precision: 0.7756830888935231
Recall: 0.8658617948718796
F1: 0.7749113377048886
