Accuracy: 0.4673
Precision: 0.6162126041413722
Recall: 0.46730000000000005
F1: 0.46473520223657294
