Accuracy: 0.14271604938271604
Precision: 0.25109761201613906
Recall: 0.1423795660302488
F1: 0.07957951963805117
