Accuracy: 0.004229885057471265
Precision: 0.0009358220887936946
Recall: 0.003342357471036911
F1: 0.0007008196545464803
