Accuracy: 0.7277187244480785
Precision: 0.7478326805750037
Recall: 0.728056286997476
F1: 0.7166974825347817
