Accuracy: 0.769195556640625
Precision: 0.7702111616651084
Recall: 0.76920861822077
F1: 0.7689842617444305
