Accuracy: 0.28687046404222566
Precision: 0.36374659658032193
Recall: 0.25922694324955414
F1: 0.20765655369917532
