Accuracy: 0.6091282178833478
Precision: 0.6856392361776087
Recall: 0.6067706342254846
F1: 0.5635697627204156
