Accuracy: 0.6264
Precision: 0.6507053011327693
Recall: 0.6264
F1: 0.6174394448089243
