Accuracy: 0.8962962962962963
Precision: 0.9046433997063724
Recall: 0.8944232653707497
F1: 0.8941129384016581
