Accuracy: 0.4682
Precision: 0.37318840044691015
Recall: 0.4657281008587571
F1: 0.35076512160706597
