Accuracy: 0.9166732673267327
Precision: 0.924871679556114
Recall: 0.9166732673267326
F1: 0.9172891729675553
