Accuracy: 0.615
Precision: 0.6155529524092254
Recall: 0.615223374295955
F1: 0.6147962272041909
