Accuracy: 0.3453333333333333
Precision: 0.5082518327088157
Recall: 0.34099143275139315
F1: 0.24638167654992466
