Accuracy: 0.87770369165718
Precision: 0.8660036219566984
Recall: 0.8840550045120334
F1: 0.8606936891721338
