Accuracy: 0.8785168320052041
Precision: 0.8688796618042102
Recall: 0.8890185815421185
F1: 0.8657870682189955
