Accuracy: 0.43793333333333334
Precision: 0.5546872116289281
Recall: 0.3908387792578731
F1: 0.32128888273746525
