Accuracy: 0.20411522633744855
Precision: 0.28011131993705957
Recall: 0.2038403563116633
F1: 0.12954814681514265
