Accuracy: 0.5367
Precision: 0.6698356607877866
Recall: 0.5367000000000001
F1: 0.5180163583640374
