Accuracy: 0.1365432098765432
Precision: 0.25520851786817594
Recall: 0.13618946082647126
F1: 0.06599154165158082
