Accuracy: 0.4686896551724138
Precision: 0.4154673627432238
Recall: 0.34605240681073957
F1: 0.3174440554312142
