Accuracy: 0.954626768580257
Precision: 0.9481549673043509
Recall: 0.9600123334816622
F1: 0.9515609844209055
