Accuracy: 0.6851063829787234
Precision: 0.7268989616793199
Recall: 0.6851063829787233
F1: 0.6843959650712631
