Accuracy: 0.940640754594243
Precision: 0.9300208050465821
Recall: 0.9446216914573836
F1: 0.9337242455516903
