Accuracy: 0.35246666666666665
Precision: 0.48849595493402814
Recall: 0.34259229668501395
F1: 0.3160628889849421
