Accuracy: 0.08666666666666667
Precision: 0.01964625099346732
Recall: 0.08579441019926383
F1: 0.029642427338817563
