Accuracy: 0.8601798855273917
Precision: 0.8623435889006917
Recall: 0.8592416570489082
F1: 0.8580170878228552
