Accuracy: 0.5452519975414875
Precision: 0.5808832575909122
Recall: 0.4922683298245093
F1: 0.5102531803289466
