Accuracy: 0.9681248983574565
Precision: 0.960065435390813
Recall: 0.9794625117853664
F1: 0.9677583401828003
