Accuracy: 0.9161111111111111
Precision: 0.9265091827477064
Recall: 0.9100183953461727
F1: 0.9138024918741612
