Accuracy: 0.3875082471959534
Precision: 0.3976856159456954
Recall: 0.3604549936965776
F1: 0.3009392338976929
