Accuracy: 0.8051240119923685
Precision: 0.8213430342989763
Recall: 0.8056653993128652
F1: 0.7997642459773634
