Accuracy: 0.08938271604938272
Precision: 0.1360811894091418
Recall: 0.08870146491743121
F1: 0.06574807905524084
