Accuracy: 0.82537841796875
Precision: 0.837377252566694
Recall: 0.8253381231485606
F1: 0.823799385223136
