Accuracy: 0.2331687242798354
Precision: 0.24173818635500843
Recall: 0.23454103229294676
F1: 0.18156930574511035
