Accuracy: 0.9599934948772159
Precision: 0.9491751830303716
Recall: 0.9674407711728086
F1: 0.9559459859308553
