Accuracy: 0.284143391246976
Precision: 0.37205484328037014
Recall: 0.2645502386042005
F1: 0.20594803951905893
