Accuracy: 0.13135802469135802
Precision: 0.028607480265266168
Recall: 0.13045573387251694
F1: 0.04595057807108398
