Accuracy: 0.5741
Precision: 0.693548065702796
Recall: 0.5740999999999999
F1: 0.5636744548949553
