Accuracy: 0.7563735853749534
Precision: 0.7952563622355997
Recall: 0.754979367949727
F1: 0.7509949916055395
