Accuracy: 0.7274
Precision: 0.7505796208885925
Recall: 0.7273999999999999
F1: 0.7225138655491403
