Accuracy: 0.3970969870244117
Precision: 0.4207651271908121
Recall: 0.37829406461060283
F1: 0.38077352740045073
