Accuracy: 0.634
Precision: 0.6396891741719328
Recall: 0.6347606246799795
F1: 0.6310111906442182
