Accuracy: 0.7815765212046711
Precision: 0.7744718859906913
Recall: 0.7506827511146661
F1: 0.754946182571568
