Accuracy: 0.09157959434542103
Precision: 0.009157959434542102
Recall: 0.1
F1: 0.01677927927927928
