Accuracy: 0.7356227855001363
Precision: 0.7603240725980088
Recall: 0.7358123344589728
F1: 0.7300532177561145
