Accuracy: 0.5850914205344585
Precision: 0.7762663398692811
Recall: 0.6479237520156205
F1: 0.5524780389035525
