Accuracy: 0.8170166015625
Precision: 0.8180357707292824
Recall: 0.817004494492785
F1: 0.8168658974645655
