Accuracy: 0.6797872340425531
Precision: 0.6832203813415196
Recall: 0.6797872340425533
F1: 0.6720770008318738
