Accuracy: 0.14386831275720163
Precision: 0.22831664521827866
Recall: 0.14338918650396398
F1: 0.0773887332231093
