Accuracy: 0.6230661040787623
Precision: 0.7455282438933073
Recall: 0.6715434770658376
F1: 0.6231693845804276
