Accuracy: 0.2981333333333333
Precision: 0.44089834224138125
Recall: 0.2459183394218584
F1: 0.19124499966436304
