Accuracy: 0.5402298850574713
Precision: 0.4559528866832743
Recall: 0.3815009243073425
F1: 0.35659743270863076
