Accuracy: 0.19973333333333335
Precision: 0.03328888888888889
Recall: 0.16666666666666666
F1: 0.055493813440023715
