Accuracy: 0.7569148936170212
Precision: 0.7733267410716912
Recall: 0.7569148936170211
F1: 0.7552307277687831
