Accuracy: 0.725
Precision: 0.7451936041358878
Recall: 0.7250000000000001
F1: 0.7238227808418677
