Accuracy: 0.718065268065268
Precision: 0.7218418231538639
Recall: 0.7174395581647592
F1: 0.710551511259253
