Accuracy: 0.008041958041958041
Precision: 0.0010582857716999001
Recall: 0.006244516882021796
F1: 0.0009342405312589586
