Accuracy: 0.7174825174825175
Precision: 0.7210820215173833
Recall: 0.7162386358899528
F1: 0.709659389405284
