Accuracy: 0.606
Precision: 0.6072759839279663
Recall: 0.6063748079877112
F1: 0.6053037558252758
