Accuracy: 0.6337333333333334
Precision: 0.6869569536774373
Recall: 0.6293315166587515
F1: 0.5695246001178875
