Accuracy: 0.22205761316872427
Precision: 0.3537387404505632
Recall: 0.22115103659751084
F1: 0.15853670090077668
