Accuracy: 0.919661733615222
Precision: 0.9078293160581704
Recall: 0.9269918292699544
F1: 0.9115880934225539
