Accuracy: 0.42733333333333334
Precision: 0.44778587945123083
Recall: 0.42583048259217593
F1: 0.4107796324177769
