Accuracy: 0.8421782178217821
Precision: 0.8538391072915531
Recall: 0.8421782178217821
F1: 0.8418509505715158
