Accuracy: 0.38453333333333334
Precision: 0.39423919131920476
Recall: 0.3783267127735458
F1: 0.32708214347189846
