Accuracy: 0.12189300411522634
Precision: 0.18466502587505204
Recall: 0.1220901744551375
F1: 0.07665372540795451
