Accuracy: 0.5572666666666667
Precision: 0.5683434754591572
Recall: 0.5527141942276625
F1: 0.5110466365836298
