Accuracy: 0.5133333333333333
Precision: 0.5408747050971651
Recall: 0.5127480532855746
F1: 0.4759111968321152
