Accuracy: 0.7811392750068138
Precision: 0.8027615651856397
Recall: 0.7810824637299458
F1: 0.7757563474282531
