Accuracy: 0.8778763971071664
Precision: 0.802633804058474
Recall: 0.9147964584595656
F1: 0.8213663035683939
