Accuracy: 0.9485185185185185
Precision: 0.9490599409567363
Recall: 0.9455172122922415
F1: 0.9468837573811
