Accuracy: 0.8431952662721893
Precision: 0.7892612070931243
Recall: 0.8644227401088452
F1: 0.7854470294178204
