Accuracy: 0.38926666666666665
Precision: 0.40185464944270466
Recall: 0.38531248456599515
F1: 0.3515764067220926
