Accuracy: 0.781097412109375
Precision: 0.8097663035013282
Recall: 0.781032401213749
F1: 0.7758856019600412
