Accuracy: 0.7898609975470156
Precision: 0.8035707244326067
Recall: 0.7898059401789275
F1: 0.786812303111741
