Accuracy: 0.6072
Precision: 0.6892071865633195
Recall: 0.6072000000000001
F1: 0.5988682309667113
