Accuracy: 0.7506040731791509
Precision: 0.7944348931758705
Recall: 0.7528222370987305
F1: 0.7467518222650233
