Accuracy: 0.44275862068965516
Precision: 0.39026849881562825
Recall: 0.3144146008314066
F1: 0.28740920452348045
