Accuracy: 0.679324894514768
Precision: 0.711235643479361
Recall: 0.7040876424305774
F1: 0.6622752035650723
