Accuracy: 0.8228400109021532
Precision: 0.8407323528459698
Recall: 0.8225819333714288
F1: 0.8189664008464983
