Accuracy: 0.633
Precision: 0.6364934953468127
Recall: 0.6335925499231951
F1: 0.631244354371161
