Accuracy: 0.9500731826313221
Precision: 0.9409925551544676
Recall: 0.9593019074441463
F1: 0.9478302268409858
