Accuracy: 0.5596318865812709
Precision: 0.6134762622828412
Recall: 0.5517860497878114
F1: 0.5030648460247108
