Accuracy: 0.8330046022353714
Precision: 0.7749395024293378
Recall: 0.8449072241122383
F1: 0.7573229736909829
