Accuracy: 0.69901547116737
Precision: 0.7614054376614459
Recall: 0.6967567061063561
F1: 0.7142811657091913
