Accuracy: 0.7237
Precision: 0.77476198192994
Recall: 0.7236999999999999
F1: 0.7113234564523343
