Accuracy: 0.5813
Precision: 0.7523202529335637
Recall: 0.5812999999999999
F1: 0.5851912088946295
