Accuracy: 0.6652601969057665
Precision: 0.7476181786583247
Recall: 0.6902836321382019
F1: 0.6744764937512685
