Accuracy: 0.8719592373438527
Precision: 0.7815331859320293
Recall: 0.9064997712618209
F1: 0.8089003219907362
