Accuracy: 0.9238987508218277
Precision: 0.8449245917877142
Recall: 0.9476997179341459
F1: 0.8726214743459922
