Accuracy: 0.10650205761316872
Precision: 0.12981550489715737
Recall: 0.10731352143531053
F1: 0.06964989626424459
