Accuracy: 0.6258790436005626
Precision: 0.676726684893286
Recall: 0.6676313657124632
F1: 0.6088582737677188
