Accuracy: 0.20253333333333334
Precision: 0.1164925287574702
Recall: 0.19911102326709776
F1: 0.13700762453260745
