Accuracy: 0.711883544921875
Precision: 0.7859418814925834
Recall: 0.7119922205344543
F1: 0.6920036451215156
