Accuracy: 0.8790269559500329
Precision: 0.8021856673552838
Recall: 0.8691539468464856
F1: 0.794371743989966
