Accuracy: 0.8397435897435898
Precision: 0.7497398163555941
Recall: 0.8411619115554961
F1: 0.7365692310955789
