Accuracy: 0.4568
Precision: 0.4770065532900398
Recall: 0.4545094728882034
F1: 0.4193842855977736
