Accuracy: 0.8238525390625
Precision: 0.8270485591196466
Recall: 0.8238314105858621
F1: 0.8234145175553909
