Accuracy: 0.883009900990099
Precision: 0.8988889521415793
Recall: 0.8830099009900988
F1: 0.8838156676240791
