Accuracy: 0.8802772277227723
Precision: 0.8928928977906446
Recall: 0.8802772277227723
F1: 0.880146094864416
