Accuracy: 0.81939697265625
Precision: 0.8228961254962117
Recall: 0.8193747220537118
F1: 0.8188991588735909
