Accuracy: 0.06127074370006146
Precision: 0.006128015982787767
Recall: 0.1
F1: 0.011548347391666365
