Accuracy: 0.6483825597749648
Precision: 0.788435258643624
Recall: 0.689644141048532
F1: 0.645255605581829
