Accuracy: 0.4018473718935562
Precision: 0.4412724339054311
Recall: 0.3692548336192807
F1: 0.34217992279711046
