Accuracy: 0.7808510638297872
Precision: 0.7928227625451832
Recall: 0.7808510638297873
F1: 0.7810183438418076
