Accuracy: 0.1265020576131687
Precision: 0.15174125474564595
Recall: 0.1276883898357387
F1: 0.0950480314481132
