Accuracy: 0.4949
Precision: 0.6551621451335065
Recall: 0.49489999999999995
F1: 0.49821729121525243
