Accuracy: 0.8457345325701826
Precision: 0.8503349621404669
Recall: 0.8454127945675329
F1: 0.8441692308131552
