Accuracy: 0.4663448275862069
Precision: 0.4169100339049358
Recall: 0.34173531685417835
F1: 0.3165683291758254
