Accuracy: 0.37224543655157244
Precision: 0.3872078037681497
Recall: 0.3630796708969999
F1: 0.33197305896222673
