Accuracy: 0.05563786008230453
Precision: 0.08085116977543026
Recall: 0.056628138986423396
F1: 0.008229201259762302
