Accuracy: 0.005103448275862069
Precision: 0.0009436863461028557
Recall: 0.0037057861189667895
F1: 0.0010069063762551298
