Accuracy: 0.499786376953125
Precision: 0.2498931884765625
Recall: 0.5
F1: 0.3332383762335945
