Accuracy: 0.500213623046875
Precision: 0.2501068115234375
Recall: 0.5
F1: 0.3334282633902236
