Accuracy: 0.631500244140625
Precision: 0.7143541765108359
Recall: 0.6316329741851081
F1: 0.5922120740358168
