Accuracy: 0.15938076213890595
Precision: 0.015938076213890595
Recall: 0.1
F1: 0.02749411881647394
