Accuracy: 0.9007904061052058
Precision: 0.9048682764402632
Recall: 0.8996984953941649
F1: 0.8981704391970364
