Accuracy: 0.8735185185185185
Precision: 0.8814608765687707
Recall: 0.8639246824133753
F1: 0.8646579614799789
