Accuracy: 0.0022988505747126436
Precision: 0.0003840496389018223
Recall: 0.002874739005793849
F1: 0.0001734734963186325
