Accuracy: 0.003172413793103448
Precision: 0.0006121456362851612
Recall: 0.0030107903654593353
F1: 0.0008007918499489221
