Accuracy: 0.945031712473573
Precision: 0.9363629026791359
Recall: 0.9499768343309752
F1: 0.9395059429308755
