Accuracy: 0.6592
Precision: 0.7453837575564716
Recall: 0.6592
F1: 0.6483570070109311
