Accuracy: 0.4942666666666667
Precision: 0.5043851464285203
Recall: 0.49001009042332166
F1: 0.4384786511920305
