Accuracy: 0.6475830078125
Precision: 0.749714554043773
Recall: 0.6474463258865102
F1: 0.6073252410166012
