Accuracy: 0.874539028887523
Precision: 0.8773141975990159
Recall: 0.8566053812311691
F1: 0.8640045334746157
