Accuracy: 0.4168
Precision: 0.4341690737635034
Recall: 0.4136704290278134
F1: 0.3386337659547265
