Accuracy: 0.5444
Precision: 0.5506529025679223
Recall: 0.5149080961956924
F1: 0.4984679279253081
