Accuracy: 0.722930908203125
Precision: 0.779912672595967
Recall: 0.723027251393852
F1: 0.7081301348506468
