Accuracy: 0.9023668639053254
Precision: 0.8200323407958041
Recall: 0.9225776951999165
F1: 0.8442514686413543
