Accuracy: 0.9305555555555556
Precision: 0.9290069648111251
Recall: 0.9304716398716961
F1: 0.9281952517062726
