Accuracy: 0.78387451171875
Precision: 0.7848378847938967
Recall: 0.7838620595978235
F1: 0.7836865203255423
