Accuracy: 0.78857421875
Precision: 0.7886769013018593
Recall: 0.7885782220972064
F1: 0.78855696526083
