Accuracy: 0.7873398830991171
Precision: 0.8339677530940341
Recall: 0.78785091759029
F1: 0.7845095055348594
