Accuracy: 0.7481689453125
Precision: 0.8064955773678274
Recall: 0.7480757260907835
F1: 0.735542470667758
