Accuracy: 0.4897471264367816
Precision: 0.38143377205620715
Recall: 0.32359819757411096
F1: 0.29599452665954035
