Accuracy: 0.09094650205761316
Precision: 0.13342038444796386
Recall: 0.09142271474751892
F1: 0.02950545583215715
