Accuracy: 0.4468666666666667
Precision: 0.4860694672724272
Recall: 0.4414557263641359
F1: 0.4064548563722813
