Accuracy: 0.9380387054805659
Precision: 0.9265522457034243
Recall: 0.9465592492367312
F1: 0.9331299564305695
