Accuracy: 0.9487721580744837
Precision: 0.9380637674798312
Recall: 0.9529632115400085
F1: 0.9423618280636138
