Accuracy: 0.0038620689655172414
Precision: 0.0017356968134093177
Recall: 0.0038703586839063456
F1: 0.0012801976855805054
