Accuracy: 0.9850382175963571
Precision: 0.9829085753693063
Recall: 0.9860557546897821
F1: 0.9841616785363922
