Accuracy: 0.9100920447074293
Precision: 0.8300648818992817
Recall: 0.931610709892551
F1: 0.8539677760263198
