Accuracy: 0.9264814814814815
Precision: 0.930447340014523
Recall: 0.9215345039615805
F1: 0.9236720622411854
