Accuracy: 0.5857
Precision: 0.6639785745628545
Recall: 0.5857
F1: 0.5711307986127073
