Accuracy: 0.8429629629629629
Precision: 0.862991494415566
Recall: 0.8380260742524346
F1: 0.823870523516028
