Accuracy: 0.5896296296296296
Precision: 0.6594040900856228
Recall: 0.5583152951388851
F1: 0.5369306944026568
