Accuracy: 0.6898048555623848
Precision: 0.7167384398178395
Recall: 0.6463954275024225
F1: 0.6592092487326803
