Accuracy: 0.7276595744680852
Precision: 0.7578122958912178
Recall: 0.7276595744680852
F1: 0.7269762354423139
