Accuracy: 0.7473404255319149
Precision: 0.7579980681565316
Recall: 0.7473404255319149
F1: 0.7436787614723924
