Accuracy: 0.5822
Precision: 0.6080544411338402
Recall: 0.5821999999999999
F1: 0.5703066377630733
