Accuracy: 0.6061884669479606
Precision: 0.7039942534931862
Recall: 0.6555547780770485
F1: 0.603508080116386
