Accuracy: 0.6181
Precision: 0.724519064414722
Recall: 0.6181
F1: 0.6244459374615051
