Accuracy: 0.5077355836849508
Precision: 0.7276216610272069
Recall: 0.47855448728954014
F1: 0.46992691322281355
