Accuracy: 0.45411494252873563
Precision: 0.4002565899685359
Recall: 0.3353578047334572
F1: 0.3019348297830075
