Accuracy: 0.5454545454545454
Precision: 0.6405784171753426
Recall: 0.5337153204271863
F1: 0.4863812110251018
