Accuracy: 0.78143310546875
Precision: 0.7814364452706698
Recall: 0.7814323354146795
F1: 0.7814321080384118
