Accuracy: 0.778076171875
Precision: 0.7781092181354414
Recall: 0.7780738105089096
F1: 0.7780685524634253
