Accuracy: 0.48777011494252875
Precision: 0.42460432720047814
Recall: 0.3453793382070475
F1: 0.32390767288382505
