Accuracy: 0.9167344283623353
Precision: 0.9116404213971314
Recall: 0.9235637545432731
F1: 0.9117104215805015
