Accuracy: 0.5456
Precision: 0.6600533885889104
Recall: 0.5456
F1: 0.5308083455045757
