Accuracy: 0.08156378600823046
Precision: 0.10416015889880109
Recall: 0.08234292894607706
F1: 0.04109768322575019
