Accuracy: 0.3866
Precision: 0.302081168248121
Recall: 0.3540040912383397
F1: 0.28482996910069697
