Accuracy: 0.8440992095938948
Precision: 0.8582443367834787
Recall: 0.8433416265934345
F1: 0.8408688620058291
