Accuracy: 0.853714661406969
Precision: 0.7955642004294262
Recall: 0.8525991073532309
F1: 0.7779694607153272
