Accuracy: 0.4264
Precision: 0.46759645809584294
Recall: 0.4235772941748651
F1: 0.41309213047855997
