Accuracy: 0.8659342347879533
Precision: 0.859599378888263
Recall: 0.8471880463760904
F1: 0.8512060706912765
