Accuracy: 0.6048583984375
Precision: 0.7615709659073413
Recall: 0.6050236807993068
F1: 0.5354243134183821
