Accuracy: 0.505035400390625
Precision: 0.7455301356718882
Recall: 0.50524672961641
F1: 0.34489803641964695
