Accuracy: 0.7545166015625
Precision: 0.8144622461558261
Recall: 0.7544233052683695
F1: 0.7421867165112728
