Accuracy: 0.0865843621399177
Precision: 0.07142373503884897
Recall: 0.08688725176947067
F1: 0.042556887230090976
