Accuracy: 0.8584812623274162
Precision: 0.7656971207450808
Recall: 0.8890676084570722
F1: 0.788726322425973
