Accuracy: 0.9127827745979831
Precision: 0.9155321271449927
Recall: 0.9118551607683013
F1: 0.9114411837661354
