Accuracy: 0.4306206896551724
Precision: 0.4265775528962336
Recall: 0.31911804208145556
F1: 0.29772412782094104
