Accuracy: 0.8665351742274819
Precision: 0.7803979346455787
Recall: 0.9069416740454977
F1: 0.8124235192384464
