Accuracy: 0.3539105716041795
Precision: 0.35998081766913004
Recall: 0.26240046303638415
F1: 0.24727682129120265
