Accuracy: 0.44906269207129684
Precision: 0.4489046754168095
Recall: 0.38540732587704446
F1: 0.3957412650559056
