Accuracy: 0.774566650390625
Precision: 0.7801561949751911
Recall: 0.7745967934103417
F1: 0.7734495342499477
