Accuracy: 0.767974853515625
Precision: 0.7783712597618937
Recall: 0.7680161041497778
F1: 0.7658065361818833
