Accuracy: 0.7876397107166337
Precision: 0.7494090375911379
Recall: 0.857403394892155
F1: 0.7605232456693574
